000 18.8403 0.1256 2.3344 0.1229
001 18.5814 0.1239 2.3204 0.1221
002 18.5043 0.1234 2.3111 0.1216
003 18.4614 0.1231 2.3064 0.1214
004 18.4304 0.1229 2.2984 0.1210
005 18.3794 0.1225 2.2949 0.1208
006 18.3601 0.1224 2.2924 0.1207
007 18.3267 0.1222 2.2879 0.1204
008 18.2902 0.1219 2.2884 0.1204
009 18.2838 0.1219 2.2851 0.1203
010 18.2601 0.1217 2.2858 0.1203
011 18.2586 0.1217 2.2795 0.1200
012 18.2471 0.1216 2.2812 0.1201
013 18.2277 0.1215 2.2788 0.1199
014 18.2197 0.1215 2.2795 0.1200
015 18.2186 0.1215 2.2741 0.1197
016 18.2187 0.1215 2.2824 0.1201
017 18.2146 0.1214 2.2753 0.1198
018 18.2067 0.1214 2.2753 0.1198
019 18.2075 0.1214 2.2742 0.1197
020 18.2084 0.1214 2.2747 0.1197
021 18.1971 0.1213 2.2756 0.1198
022 18.1938 0.1213 2.2783 0.1199
023 18.2033 0.1214 2.2757 0.1198
024 18.1854 0.1212 2.2731 0.1196
025 18.1884 0.1213 2.2731 0.1196
026 18.1812 0.1212 2.2734 0.1197
027 18.1757 0.1212 2.2741 0.1197
028 18.1837 0.1212 2.2721 0.1196
029 18.1657 0.1211 2.2705 0.1195
030 18.1810 0.1212 2.2711 0.1195
031 18.1715 0.1211 2.2701 0.1195
032 18.1678 0.1211 2.2681 0.1194
033 18.1715 0.1211 2.2727 0.1196
034 18.1471 0.1210 2.2726 0.1196
035 18.1616 0.1211 2.2691 0.1194
036 18.1663 0.1211 2.2699 0.1195
037 18.1529 0.1210 2.2698 0.1195
038 18.1582 0.1211 2.2675 0.1193
039 18.1542 0.1210 2.2692 0.1194
040 18.1594 0.1211 2.2702 0.1195
041 18.1533 0.1210 2.2716 0.1196
042 18.1462 0.1210 2.2696 0.1195
043 18.1552 0.1210 2.2677 0.1194
044 18.1475 0.1210 2.2687 0.1194
045 18.1408 0.1209 2.2674 0.1193
046 18.1355 0.1209 2.2698 0.1195
047 18.1374 0.1209 2.2676 0.1193
048 18.1251 0.1208 2.2653 0.1192
049 18.1430 0.1210 2.2685 0.1194
050 18.1243 0.1208 2.2661 0.1193
051 18.1292 0.1209 2.2668 0.1193
052 18.1246 0.1208 2.2700 0.1195
053 18.1301 0.1209 2.2671 0.1193
054 18.1265 0.1208 2.2673 0.1193
055 18.1263 0.1208 2.2659 0.1193
056 18.1164 0.1208 2.2658 0.1193
057 18.1221 0.1208 2.2668 0.1193
058 18.1278 0.1209 2.2646 0.1192
059 18.1086 0.1207 2.2653 0.1192
060 18.1190 0.1208 2.2666 0.1193
061 18.1196 0.1208 2.2669 0.1193
062 18.1110 0.1207 2.2662 0.1193
063 18.1123 0.1207 2.2663 0.1193
064 18.1161 0.1208 2.2665 0.1193
065 18.1018 0.1207 2.2647 0.1192
066 18.1196 0.1208 2.2629 0.1191
067 18.1192 0.1208 2.2654 0.1192
068 18.1128 0.1208 2.2645 0.1192
069 18.1075 0.1207 2.2648 0.1192
070 18.1050 0.1207 2.2638 0.1191
071 18.1057 0.1207 2.2640 0.1192
072 18.1063 0.1207 2.2640 0.1192
073 18.1095 0.1207 2.2642 0.1192
074 18.0994 0.1207 2.2637 0.1191
075 18.0932 0.1206 2.2652 0.1192
076 18.1032 0.1207 2.2617 0.1190
077 18.0946 0.1206 2.2647 0.1192
078 18.0949 0.1206 2.2618 0.1190
079 18.0915 0.1206 2.2606 0.1190
080 18.0986 0.1207 2.2617 0.1190
081 18.0909 0.1206 2.2607 0.1190
082 18.0991 0.1207 2.2635 0.1191
083 18.0890 0.1206 2.2628 0.1191
084 18.0967 0.1206 2.2599 0.1189
085 18.0881 0.1206 2.2641 0.1192
086 18.0949 0.1206 2.2637 0.1191
087 18.0910 0.1206 2.2610 0.1190
088 18.0944 0.1206 2.2635 0.1191
089 18.0773 0.1205 2.2619 0.1190
090 18.0924 0.1206 2.2636 0.1191
091 18.0989 0.1207 2.2604 0.1190
092 18.0857 0.1206 2.2613 0.1190
093 18.0836 0.1206 2.2602 0.1190
094 18.0817 0.1205 2.2635 0.1191
095 18.0761 0.1205 2.2616 0.1190
096 18.0771 0.1205 2.2616 0.1190
097 18.0743 0.1205 2.2613 0.1190
098 18.0733 0.1205 2.2596 0.1189
099 18.0840 0.1206 2.2631 0.1191
100 18.0810 0.1205 2.2629 0.1191
101 18.0699 0.1205 2.2614 0.1190
102 18.0742 0.1205 2.2616 0.1190
103 18.0786 0.1205 2.2622 0.1191
104 18.0843 0.1206 2.2586 0.1189
105 18.0631 0.1204 2.2599 0.1189
106 18.0708 0.1205 2.2602 0.1190
107 18.0668 0.1204 2.2597 0.1189
108 18.0729 0.1205 2.2611 0.1190
109 18.0701 0.1205 2.2601 0.1190
110 18.0726 0.1205 2.2593 0.1189
111 18.0788 0.1205 2.2599 0.1189
112 18.0709 0.1205 2.2619 0.1190
113 18.0751 0.1205 2.2631 0.1191
114 18.0672 0.1204 2.2607 0.1190
115 18.0745 0.1205 2.2591 0.1189
116 18.0708 0.1205 2.2582 0.1189
117 18.0641 0.1204 2.2623 0.1191
118 18.0643 0.1204 2.2567 0.1188
119 18.0650 0.1204 2.2588 0.1189
120 18.0658 0.1204 2.2597 0.1189
121 18.0611 0.1204 2.2597 0.1189
122 18.0610 0.1204 2.2581 0.1188
123 18.0606 0.1204 2.2579 0.1188
124 18.0618 0.1204 2.2582 0.1189
125 18.0577 0.1204 2.2576 0.1188
126 18.0701 0.1205 2.2564 0.1188
127 18.0556 0.1204 2.2582 0.1189
128 18.0656 0.1204 2.2589 0.1189
129 18.0504 0.1203 2.2597 0.1189
130 18.0645 0.1204 2.2590 0.1189
131 18.0595 0.1204 2.2568 0.1188
132 18.0662 0.1204 2.2576 0.1188
133 18.0575 0.1204 2.2558 0.1187
134 18.0515 0.1203 2.2560 0.1187
135 18.0618 0.1204 2.2582 0.1189
136 18.0572 0.1204 2.2597 0.1189
137 18.0569 0.1204 2.2579 0.1188
138 18.0611 0.1204 2.2579 0.1188
139 18.0573 0.1204 2.2573 0.1188
140 18.0520 0.1203 2.2610 0.1190
141 18.0525 0.1203 2.2578 0.1188
142 18.0585 0.1204 2.2592 0.1189
143 18.0516 0.1203 2.2595 0.1189
144 18.0479 0.1203 2.2599 0.1189
145 18.0495 0.1203 2.2561 0.1187
146 18.0562 0.1204 2.2578 0.1188
147 18.0466 0.1203 2.2583 0.1189
148 18.0380 0.1203 2.2569 0.1188
149 18.0480 0.1203 2.2587 0.1189
150 18.0463 0.1203 2.2614 0.1190
151 18.0365 0.1202 2.2578 0.1188
152 18.0649 0.1204 2.2586 0.1189
153 18.0444 0.1203 2.2556 0.1187
154 18.0508 0.1203 2.2574 0.1188
155 18.0436 0.1203 2.2582 0.1189
156 18.0375 0.1203 2.2554 0.1187
157 18.0417 0.1203 2.2542 0.1186
158 18.0435 0.1203 2.2565 0.1188
159 18.0417 0.1203 2.2562 0.1187
160 18.0491 0.1203 2.2580 0.1188
161 18.0488 0.1203 2.2581 0.1188
162 18.0514 0.1203 2.2593 0.1189
163 18.0424 0.1203 2.2573 0.1188
164 18.0432 0.1203 2.2584 0.1189
165 18.0491 0.1203 2.2560 0.1187
166 18.0423 0.1203 2.2545 0.1187
167 18.0329 0.1202 2.2572 0.1188
168 18.0406 0.1203 2.2544 0.1187
169 18.0411 0.1203 2.2578 0.1188
170 18.0427 0.1203 2.2573 0.1188
171 18.0428 0.1203 2.2578 0.1188
172 18.0461 0.1203 2.2549 0.1187
173 18.0374 0.1202 2.2549 0.1187
174 18.0357 0.1202 2.2567 0.1188
175 18.0459 0.1203 2.2575 0.1188
176 18.0285 0.1202 2.2577 0.1188
177 18.0389 0.1203 2.2585 0.1189
178 18.0420 0.1203 2.2579 0.1188
179 18.0322 0.1202 2.2549 0.1187
180 18.0473 0.1203 2.2562 0.1187
181 18.0294 0.1202 2.2564 0.1188
182 18.0350 0.1202 2.2566 0.1188
183 18.0348 0.1202 2.2581 0.1188
184 18.0400 0.1203 2.2575 0.1188
185 18.0325 0.1202 2.2562 0.1187
186 18.0400 0.1203 2.2573 0.1188
187 18.0273 0.1202 2.2571 0.1188
188 18.0274 0.1202 2.2545 0.1187
189 18.0271 0.1202 2.2571 0.1188
190 18.0285 0.1202 2.2549 0.1187
191 18.0366 0.1202 2.2564 0.1188
192 18.0307 0.1202 2.2555 0.1187
193 18.0250 0.1202 2.2567 0.1188
194 18.0348 0.1202 2.2563 0.1188
195 18.0273 0.1202 2.2536 0.1186
196 18.0377 0.1203 2.2585 0.1189
197 18.0218 0.1201 2.2544 0.1187
198 18.0418 0.1203 2.2555 0.1187
199 18.0227 0.1202 2.2544 0.1187
200 18.0263 0.1202 2.2552 0.1187
201 18.0197 0.1201 2.2543 0.1186
202 18.0162 0.1201 2.2551 0.1187
203 18.0195 0.1201 2.2529 0.1186
204 18.0181 0.1201 2.2523 0.1185
205 18.0169 0.1201 2.2562 0.1187
206 18.0286 0.1202 2.2555 0.1187
207 18.0240 0.1202 2.2560 0.1187
208 18.0124 0.1201 2.2533 0.1186
209 18.0089 0.1201 2.2556 0.1187
210 18.0176 0.1201 2.2561 0.1187
211 18.0086 0.1201 2.2539 0.1186
212 18.0131 0.1201 2.2556 0.1187
213 18.0254 0.1202 2.2560 0.1187
214 18.0103 0.1201 2.2531 0.1186
215 18.0136 0.1201 2.2553 0.1187
216 18.0179 0.1201 2.2547 0.1187
217 18.0039 0.1200 2.2521 0.1185
218 18.0140 0.1201 2.2529 0.1186
219 18.0128 0.1201 2.2542 0.1186
220 18.0137 0.1201 2.2540 0.1186
221 18.0096 0.1201 2.2528 0.1186
222 18.0130 0.1201 2.2565 0.1188
223 18.0097 0.1201 2.2528 0.1186
224 18.0088 0.1201 2.2556 0.1187
225 18.0003 0.1200 2.2552 0.1187
226 18.0051 0.1200 2.2540 0.1186
227 18.0147 0.1201 2.2542 0.1186
228 18.0064 0.1200 2.2549 0.1187
229 18.0087 0.1201 2.2536 0.1186
230 18.0037 0.1200 2.2545 0.1187
231 18.0048 0.1200 2.2534 0.1186
232 18.0131 0.1201 2.2514 0.1185
233 18.0033 0.1200 2.2530 0.1186
234 18.0030 0.1200 2.2524 0.1185
235 18.0062 0.1200 2.2533 0.1186
236 18.0114 0.1201 2.2563 0.1188
237 18.0126 0.1201 2.2543 0.1186
238 18.0170 0.1201 2.2552 0.1187
239 18.0100 0.1201 2.2559 0.1187
240 18.0019 0.1200 2.2545 0.1187
241 18.0049 0.1200 2.2557 0.1187
242 18.0094 0.1201 2.2553 0.1187
243 18.0105 0.1201 2.2535 0.1186
244 17.9995 0.1200 2.2557 0.1187
245 17.9975 0.1200 2.2545 0.1187
246 17.9976 0.1200 2.2519 0.1185
247 18.0082 0.1201 2.2519 0.1185
248 18.0044 0.1200 2.2517 0.1185
249 18.0110 0.1201 2.2527 0.1186
250 17.9997 0.1200 2.2518 0.1185
251 18.0003 0.1200 2.2529 0.1186
252 18.0066 0.1200 2.2519 0.1185
253 18.0063 0.1200 2.2538 0.1186
254 17.9922 0.1199 2.2538 0.1186
255 17.9985 0.1200 2.2531 0.1186
256 18.0038 0.1200 2.2527 0.1186
257 18.0046 0.1200 2.2513 0.1185
258 18.0038 0.1200 2.2522 0.1185
259 18.0046 0.1200 2.2529 0.1186
260 18.0023 0.1200 2.2536 0.1186
261 17.9979 0.1200 2.2561 0.1187
262 17.9973 0.1200 2.2539 0.1186
263 17.9994 0.1200 2.2533 0.1186
264 18.0134 0.1201 2.2538 0.1186
265 17.9947 0.1200 2.2510 0.1185
266 18.0007 0.1200 2.2510 0.1185
267 17.9909 0.1199 2.2549 0.1187
268 18.0003 0.1200 2.2552 0.1187
269 17.9987 0.1200 2.2531 0.1186
270 17.9975 0.1200 2.2528 0.1186
271 17.9973 0.1200 2.2539 0.1186
272 18.0052 0.1200 2.2524 0.1185
273 18.0036 0.1200 2.2508 0.1185
274 17.9901 0.1199 2.2534 0.1186
275 17.9898 0.1199 2.2544 0.1187
276 17.9873 0.1199 2.2531 0.1186
277 17.9933 0.1200 2.2508 0.1185
278 18.0040 0.1200 2.2553 0.1187
279 17.9919 0.1199 2.2510 0.1185
280 17.9972 0.1200 2.2526 0.1186
281 18.0007 0.1200 2.2535 0.1186
282 17.9861 0.1199 2.2548 0.1187
283 17.9927 0.1200 2.2539 0.1186
284 17.9824 0.1199 2.2557 0.1187
285 17.9983 0.1200 2.2528 0.1186
286 17.9919 0.1199 2.2524 0.1185
287 17.9976 0.1200 2.2512 0.1185
288 17.9843 0.1199 2.2513 0.1185
289 17.9915 0.1199 2.2531 0.1186
290 17.9967 0.1200 2.2520 0.1185
291 17.9906 0.1199 2.2523 0.1185
292 18.0054 0.1200 2.2515 0.1185
293 17.9987 0.1200 2.2550 0.1187
294 17.9872 0.1199 2.2525 0.1186
295 17.9937 0.1200 2.2526 0.1186
296 17.9846 0.1199 2.2544 0.1187
297 17.9860 0.1199 2.2542 0.1186
298 17.9866 0.1199 2.2552 0.1187
299 17.9921 0.1199 2.2546 0.1187
300 18.0022 0.1200 2.2539 0.1186
301 17.9928 0.1200 2.2546 0.1187
302 17.9904 0.1199 2.2527 0.1186
303 17.9819 0.1199 2.2547 0.1187
304 17.9970 0.1200 2.2531 0.1186
305 17.9956 0.1200 2.2544 0.1187
306 17.9900 0.1199 2.2528 0.1186
307 17.9929 0.1200 2.2514 0.1185
308 17.9916 0.1199 2.2543 0.1186
309 17.9890 0.1199 2.2525 0.1186
310 17.9856 0.1199 2.2519 0.1185
311 17.9935 0.1200 2.2531 0.1186
312 17.9956 0.1200 2.2537 0.1186
313 17.9928 0.1200 2.2509 0.1185
314 17.9867 0.1199 2.2518 0.1185
315 17.9848 0.1199 2.2511 0.1185
316 17.9900 0.1199 2.2533 0.1186
317 17.9889 0.1199 2.2546 0.1187
318 17.9776 0.1199 2.2519 0.1185
319 17.9921 0.1199 2.2511 0.1185
320 17.9869 0.1199 2.2515 0.1185
321 17.9866 0.1199 2.2539 0.1186
322 17.9863 0.1199 2.2511 0.1185
323 17.9798 0.1199 2.2530 0.1186
324 17.9934 0.1200 2.2538 0.1186
325 17.9804 0.1199 2.2525 0.1186
326 17.9854 0.1199 2.2565 0.1188
327 17.9943 0.1200 2.2550 0.1187
328 17.9808 0.1199 2.2541 0.1186
329 17.9886 0.1199 2.2514 0.1185
330 17.9750 0.1198 2.2526 0.1186
331 17.9772 0.1198 2.2522 0.1185
332 17.9831 0.1199 2.2529 0.1186
333 17.9917 0.1199 2.2521 0.1185
334 17.9865 0.1199 2.2545 0.1187
335 17.9937 0.1200 2.2519 0.1185
336 17.9878 0.1199 2.2509 0.1185
337 17.9833 0.1199 2.2522 0.1185
338 17.9782 0.1199 2.2533 0.1186
339 17.9967 0.1200 2.2535 0.1186
340 17.9899 0.1199 2.2533 0.1186
341 17.9953 0.1200 2.2524 0.1185
342 17.9990 0.1200 2.2563 0.1188
343 17.9892 0.1199 2.2517 0.1185
344 17.9744 0.1198 2.2554 0.1187
345 17.9788 0.1199 2.2536 0.1186
346 17.9914 0.1199 2.2537 0.1186
347 17.9823 0.1199 2.2537 0.1186
348 17.9913 0.1199 2.2516 0.1185
349 17.9878 0.1199 2.2523 0.1185
350 17.9794 0.1199 2.2526 0.1186
351 17.9816 0.1199 2.2516 0.1185
352 17.9805 0.1199 2.2536 0.1186
353 17.9757 0.1198 2.2534 0.1186
354 17.9814 0.1199 2.2507 0.1185
355 17.9736 0.1198 2.2506 0.1185
356 17.9789 0.1199 2.2527 0.1186
357 17.9777 0.1199 2.2538 0.1186
358 17.9864 0.1199 2.2515 0.1185
359 17.9823 0.1199 2.2543 0.1186
360 17.9773 0.1198 2.2513 0.1185
361 17.9845 0.1199 2.2524 0.1185
362 17.9865 0.1199 2.2520 0.1185
363 17.9845 0.1199 2.2540 0.1186
364 17.9815 0.1199 2.2549 0.1187
365 17.9865 0.1199 2.2532 0.1186
366 17.9705 0.1198 2.2543 0.1186
367 17.9803 0.1199 2.2523 0.1185
368 17.9734 0.1198 2.2539 0.1186
369 17.9811 0.1199 2.2532 0.1186
370 17.9746 0.1198 2.2535 0.1186
371 17.9735 0.1198 2.2523 0.1185
372 17.9713 0.1198 2.2524 0.1185
373 17.9817 0.1199 2.2522 0.1185
374 17.9849 0.1199 2.2507 0.1185
375 17.9791 0.1199 2.2529 0.1186
376 17.9758 0.1198 2.2523 0.1185
377 17.9842 0.1199 2.2556 0.1187
378 17.9777 0.1199 2.2529 0.1186
379 17.9821 0.1199 2.2539 0.1186
380 17.9653 0.1198 2.2559 0.1187
381 17.9790 0.1199 2.2538 0.1186
382 17.9853 0.1199 2.2527 0.1186
383 17.9771 0.1198 2.2525 0.1186
384 17.9807 0.1199 2.2527 0.1186
385 17.9922 0.1199 2.2550 0.1187
386 17.9734 0.1198 2.2531 0.1186
387 17.9704 0.1198 2.2534 0.1186
388 17.9827 0.1199 2.2530 0.1186
389 17.9781 0.1199 2.2516 0.1185
390 17.9720 0.1198 2.2522 0.1185
391 17.9719 0.1198 2.2515 0.1185
392 17.9807 0.1199 2.2512 0.1185
393 17.9784 0.1199 2.2507 0.1185
394 17.9826 0.1199 2.2532 0.1186
395 17.9791 0.1199 2.2541 0.1186
396 17.9773 0.1198 2.2526 0.1186
397 17.9671 0.1198 2.2542 0.1186
398 17.9802 0.1199 2.2544 0.1187
399 17.9753 0.1198 2.2508 0.1185
