000 4.9794 0.6224 1.1104 0.5552
001 4.5499 0.5687 1.1037 0.5518
002 4.5151 0.5644 1.1018 0.5509
000 4.9786 0.6223 1.1111 0.5556
001 4.5461 0.5683 1.1047 0.5523
002 4.5144 0.5643 1.1029 0.5515
003 4.4847 0.5606 1.1031 0.5515
004 4.4568 0.5571 1.1020 0.5510
005 4.4484 0.5560 1.0999 0.5500
006 4.4235 0.5529 1.0971 0.5485
007 4.4032 0.5504 1.0949 0.5474
008 4.3747 0.5468 1.0951 0.5476
009 4.3682 0.5460 1.0905 0.5453
010 4.3529 0.5441 1.0914 0.5457
011 4.3379 0.5422 1.0797 0.5398
012 4.3235 0.5404 1.0843 0.5421
013 4.3265 0.5408 1.0841 0.5420
014 4.3136 0.5392 1.0763 0.5381
015 4.3060 0.5383 1.0778 0.5389
016 4.3052 0.5382 1.0661 0.5330
017 4.2988 0.5374 1.0676 0.5338
018 4.2724 0.5340 1.0729 0.5364
019 4.2787 0.5348 1.0682 0.5341
020 4.2710 0.5339 1.0627 0.5314
021 4.2705 0.5338 1.0644 0.5322
022 4.2627 0.5328 1.0729 0.5365
023 4.2753 0.5344 1.0704 0.5352
024 4.2644 0.5331 1.0718 0.5359
025 4.2560 0.5320 1.0601 0.5300
026 4.2541 0.5318 1.0759 0.5380
027 4.2570 0.5321 1.0635 0.5317
028 4.2418 0.5302 1.0741 0.5370
029 4.2352 0.5294 1.0599 0.5299
030 4.2500 0.5313 1.0675 0.5337
031 4.2537 0.5317 1.0622 0.5311
032 4.2443 0.5305 1.0773 0.5387
033 4.2434 0.5304 1.0590 0.5295
034 4.2377 0.5297 1.0681 0.5341
035 4.2337 0.5292 1.0667 0.5333
036 4.2513 0.5314 1.0613 0.5307
037 4.2407 0.5301 1.0657 0.5328
038 4.2337 0.5292 1.0779 0.5390
039 4.2450 0.5306 1.0575 0.5288
040 4.2409 0.5301 1.0728 0.5364
041 4.2213 0.5277 1.0623 0.5312
042 4.2261 0.5283 1.0582 0.5291
043 4.2236 0.5280 1.0652 0.5326
044 4.2349 0.5294 1.0565 0.5282
045 4.2160 0.5270 1.0659 0.5329
046 4.2248 0.5281 1.0657 0.5329
047 4.2325 0.5291 1.0646 0.5323
048 4.2414 0.5302 1.0663 0.5331
049 4.2340 0.5292 1.0587 0.5294
050 4.2202 0.5275 1.0569 0.5284
051 4.2247 0.5281 1.0561 0.5281
052 4.2292 0.5286 1.0740 0.5370
053 4.2098 0.5262 1.0521 0.5261
054 4.2099 0.5262 1.0530 0.5265
055 4.2089 0.5261 1.0736 0.5368
056 4.2245 0.5281 1.0527 0.5263
057 4.2203 0.5275 1.0665 0.5332
058 4.2112 0.5264 1.0550 0.5275
059 4.2106 0.5263 1.0589 0.5294
060 4.2010 0.5251 1.0612 0.5306
061 4.2000 0.5250 1.0561 0.5280
062 4.1966 0.5246 1.0466 0.5233
063 4.1877 0.5235 1.0529 0.5265
064 4.1853 0.5232 1.0644 0.5322
065 4.1909 0.5239 1.0596 0.5298
066 4.1760 0.5220 1.0496 0.5248
067 4.1868 0.5234 1.0584 0.5292
068 4.1720 0.5215 1.0696 0.5348
069 4.1842 0.5230 1.0475 0.5238
070 4.1745 0.5218 1.0552 0.5276
071 4.1766 0.5221 1.0661 0.5331
072 4.1610 0.5201 1.0615 0.5307
073 4.1668 0.5208 1.0656 0.5328
074 4.1775 0.5222 1.0542 0.5271
075 4.1654 0.5207 1.0568 0.5284
076 4.1614 0.5202 1.0462 0.5231
077 4.1552 0.5194 1.0517 0.5259
078 4.1664 0.5208 1.0562 0.5281
079 4.1598 0.5200 1.0600 0.5300
080 4.1674 0.5209 1.0595 0.5297
081 4.1712 0.5214 1.0598 0.5299
082 4.1617 0.5202 1.0565 0.5282
083 4.1476 0.5185 1.0608 0.5304
084 4.1390 0.5174 1.0400 0.5200
085 4.1535 0.5192 1.0439 0.5219
086 4.1363 0.5170 1.0512 0.5256
087 4.1464 0.5183 1.0440 0.5220
088 4.1505 0.5188 1.0524 0.5262
089 4.1510 0.5189 1.0491 0.5245
090 4.1410 0.5176 1.0398 0.5199
091 4.1645 0.5206 1.0577 0.5289
092 4.1535 0.5192 1.0579 0.5290
093 4.1440 0.5180 1.0431 0.5215
094 4.1456 0.5182 1.0449 0.5225
095 4.1261 0.5158 1.0402 0.5201
096 4.1257 0.5157 1.0514 0.5257
097 4.1287 0.5161 1.0500 0.5250
098 4.1446 0.5181 1.0531 0.5266
099 4.1402 0.5175 1.0467 0.5233
100 4.1304 0.5163 1.0532 0.5266
101 4.1580 0.5198 1.0582 0.5291
102 4.1407 0.5176 1.0436 0.5218
103 4.1386 0.5173 1.0594 0.5297
104 4.1302 0.5163 1.0419 0.5210
105 4.1320 0.5165 1.0402 0.5201
106 4.1302 0.5163 1.0398 0.5199
107 4.1313 0.5164 1.0501 0.5250
108 4.1404 0.5175 1.0553 0.5276
109 4.1324 0.5165 1.0315 0.5158
110 4.1177 0.5147 1.0557 0.5278
111 4.1314 0.5164 1.0386 0.5193
112 4.1253 0.5157 1.0415 0.5207
113 4.1174 0.5147 1.0408 0.5204
114 4.1250 0.5156 1.0473 0.5236
115 4.1040 0.5130 1.0348 0.5174
116 4.0948 0.5119 1.0222 0.5111
117 4.1202 0.5150 1.0501 0.5251
118 4.1226 0.5153 1.0394 0.5197
119 4.1238 0.5155 1.0349 0.5174
120 4.1148 0.5144 1.0437 0.5219
121 4.1309 0.5164 1.0262 0.5131
122 4.1139 0.5142 1.0513 0.5256
123 4.1189 0.5149 1.0380 0.5190
124 4.0936 0.5117 1.0390 0.5195
125 4.1043 0.5130 1.0418 0.5209
126 4.0940 0.5117 1.0365 0.5183
127 4.0906 0.5113 1.0287 0.5144
128 4.0938 0.5117 1.0332 0.5166
129 4.0758 0.5095 1.0352 0.5176
130 4.0826 0.5103 1.0343 0.5171
131 4.0882 0.5110 1.0281 0.5141
132 4.0986 0.5123 1.0260 0.5130
133 4.0982 0.5123 1.0485 0.5242
134 4.0953 0.5119 1.0498 0.5249
135 4.0877 0.5110 1.0301 0.5151
136 4.0845 0.5106 1.0188 0.5094
137 4.0805 0.5101 1.0351 0.5175
138 4.0913 0.5114 1.0479 0.5240
139 4.0991 0.5124 1.0345 0.5173
140 4.0889 0.5111 1.0222 0.5111
141 4.0829 0.5104 1.0342 0.5171
142 4.0856 0.5107 1.0318 0.5159
143 4.0797 0.5100 1.0309 0.5154
144 4.0728 0.5091 1.0380 0.5190
145 4.0859 0.5107 1.0479 0.5240
146 4.0869 0.5109 1.0240 0.5120
147 4.0829 0.5104 1.0191 0.5095
148 4.0766 0.5096 1.0204 0.5102
149 4.0718 0.5090 1.0346 0.5173
150 4.0749 0.5094 1.0252 0.5126
151 4.0701 0.5088 1.0330 0.5165
152 4.0695 0.5087 1.0446 0.5223
153 4.0689 0.5086 1.0444 0.5222
154 4.0579 0.5072 1.0378 0.5189
155 4.0681 0.5085 1.0354 0.5177
156 4.0706 0.5088 1.0388 0.5194
157 4.0641 0.5080 1.0375 0.5187
158 4.0678 0.5085 1.0340 0.5170
159 4.0655 0.5082 1.0314 0.5157
160 4.0716 0.5090 1.0382 0.5191
161 4.0744 0.5093 1.0282 0.5141
162 4.0560 0.5070 1.0374 0.5187
163 4.0584 0.5073 1.0478 0.5239
164 4.0807 0.5101 1.0240 0.5120
165 4.0665 0.5083 1.0225 0.5113
166 4.0442 0.5055 1.0270 0.5135
167 4.0534 0.5067 1.0279 0.5139
168 4.0583 0.5073 1.0184 0.5092
169 4.0559 0.5070 1.0347 0.5173
170 4.0592 0.5074 1.0356 0.5178
171 4.0486 0.5061 1.0303 0.5151
172 4.0663 0.5083 1.0278 0.5139
173 4.0595 0.5074 1.0283 0.5141
174 4.0538 0.5067 1.0383 0.5191
175 4.0525 0.5066 1.0332 0.5166
176 4.0495 0.5062 1.0273 0.5136
177 4.0514 0.5064 1.0284 0.5142
178 4.0628 0.5078 1.0310 0.5155
179 4.0486 0.5061 1.0291 0.5146
180 4.0477 0.5060 1.0339 0.5169
181 4.0484 0.5060 1.0286 0.5143
182 4.0355 0.5044 1.0264 0.5132
183 4.0382 0.5048 1.0326 0.5163
184 4.0413 0.5052 1.0361 0.5180
185 4.0395 0.5049 1.0329 0.5164
186 4.0287 0.5036 1.0438 0.5219
187 4.0406 0.5051 1.0493 0.5246
188 4.0399 0.5050 1.0335 0.5167
189 4.0317 0.5040 1.0264 0.5132
190 4.0381 0.5048 1.0197 0.5098
191 4.0521 0.5065 1.0210 0.5105
192 4.0358 0.5045 1.0414 0.5207
193 4.0287 0.5036 1.0375 0.5188
194 4.0311 0.5039 1.0320 0.5160
195 4.0306 0.5038 1.0315 0.5157
196 4.0308 0.5039 1.0464 0.5232
197 4.0243 0.5030 1.0187 0.5093
198 4.0368 0.5046 1.0228 0.5114
199 4.0225 0.5028 1.0255 0.5128
200 4.0271 0.5034 1.0339 0.5169
201 4.0207 0.5026 1.0370 0.5185
202 4.0106 0.5013 1.0281 0.5140
203 4.0230 0.5029 1.0290 0.5145
204 4.0021 0.5003 1.0226 0.5113
205 4.0037 0.5005 1.0310 0.5155
206 4.0092 0.5012 1.0263 0.5132
207 4.0139 0.5017 1.0283 0.5141
208 4.0056 0.5007 1.0282 0.5141
209 4.0171 0.5021 1.0257 0.5129
210 4.0121 0.5015 1.0383 0.5191
211 4.0262 0.5033 1.0182 0.5091
212 4.0243 0.5030 1.0310 0.5155
213 4.0055 0.5007 1.0295 0.5147
214 4.0134 0.5017 1.0286 0.5143
215 4.0043 0.5005 1.0302 0.5151
216 4.0101 0.5013 1.0163 0.5082
217 4.0202 0.5025 1.0314 0.5157
218 4.0071 0.5009 1.0291 0.5146
219 4.0027 0.5003 1.0260 0.5130
220 4.0135 0.5017 1.0295 0.5148
221 4.0026 0.5003 1.0218 0.5109
222 4.0143 0.5018 1.0367 0.5184
223 4.0014 0.5002 1.0229 0.5114
224 4.0146 0.5018 1.0259 0.5130
225 4.0027 0.5003 1.0285 0.5142
226 4.0063 0.5008 1.0243 0.5122
227 4.0135 0.5017 1.0329 0.5165
228 4.0135 0.5017 1.0246 0.5123
229 4.0180 0.5022 1.0342 0.5171
230 4.0132 0.5016 1.0242 0.5121
231 4.0134 0.5017 1.0237 0.5118
232 4.0078 0.5010 1.0269 0.5135
233 4.0162 0.5020 1.0261 0.5130
234 3.9981 0.4998 1.0369 0.5184
235 4.0140 0.5018 1.0179 0.5089
236 3.9916 0.4990 1.0310 0.5155
237 3.9986 0.4998 1.0314 0.5157
238 4.0047 0.5006 1.0319 0.5159
239 4.0066 0.5008 1.0260 0.5130
240 3.9915 0.4989 1.0254 0.5127
241 3.9898 0.4987 1.0230 0.5115
242 3.9929 0.4991 1.0237 0.5118
243 3.9975 0.4997 1.0229 0.5114
244 3.9862 0.4983 1.0302 0.5151
245 3.9860 0.4982 1.0213 0.5107
246 3.9962 0.4995 1.0258 0.5129
247 3.9926 0.4991 1.0282 0.5141
248 3.9953 0.4994 1.0165 0.5082
249 3.9937 0.4992 1.0276 0.5138
250 3.9839 0.4980 1.0287 0.5143
251 3.9937 0.4992 1.0259 0.5129
252 3.9961 0.4995 1.0219 0.5109
253 3.9891 0.4986 1.0267 0.5134
254 3.9878 0.4985 1.0192 0.5096
255 3.9925 0.4991 1.0250 0.5125
256 3.9899 0.4987 1.0283 0.5141
257 3.9960 0.4995 1.0188 0.5094
258 3.9920 0.4990 1.0287 0.5143
259 3.9989 0.4999 1.0242 0.5121
260 3.9879 0.4985 1.0237 0.5118
261 3.9862 0.4983 1.0249 0.5124
262 3.9876 0.4985 1.0136 0.5068
263 3.9889 0.4986 1.0268 0.5134
264 3.9949 0.4994 1.0153 0.5076
265 3.9892 0.4987 1.0216 0.5108
266 3.9873 0.4984 1.0294 0.5147
267 3.9875 0.4984 1.0358 0.5179
268 3.9967 0.4996 1.0140 0.5070
269 3.9906 0.4988 1.0209 0.5105
270 3.9939 0.4992 1.0333 0.5167
271 3.9899 0.4987 1.0290 0.5145
272 3.9812 0.4977 1.0242 0.5121
273 3.9897 0.4987 1.0229 0.5114
274 3.9845 0.4981 1.0206 0.5103
275 3.9765 0.4971 1.0214 0.5107
276 3.9827 0.4978 1.0215 0.5107
277 3.9710 0.4964 1.0237 0.5118
278 3.9897 0.4987 1.0199 0.5100
279 3.9794 0.4974 1.0174 0.5087
280 3.9826 0.4978 1.0217 0.5109
281 3.9781 0.4973 1.0242 0.5121
282 3.9632 0.4954 1.0212 0.5106
283 3.9770 0.4971 1.0172 0.5086
284 3.9788 0.4973 1.0209 0.5105
285 3.9806 0.4976 1.0253 0.5126
286 3.9782 0.4973 1.0316 0.5158
287 3.9852 0.4982 1.0304 0.5152
288 3.9744 0.4968 1.0342 0.5171
289 3.9861 0.4983 1.0222 0.5111
290 3.9917 0.4990 1.0136 0.5068
291 3.9940 0.4992 1.0161 0.5080
292 3.9893 0.4987 1.0368 0.5184
293 3.9816 0.4977 1.0260 0.5130
294 3.9809 0.4976 1.0278 0.5139
295 3.9718 0.4965 1.0201 0.5100
296 3.9585 0.4948 1.0170 0.5085
297 3.9740 0.4968 1.0244 0.5122
298 3.9675 0.4959 1.0328 0.5164
299 3.9702 0.4963 1.0291 0.5145
300 3.9698 0.4962 1.0250 0.5125
301 3.9763 0.4970 1.0242 0.5121
302 3.9640 0.4955 1.0280 0.5140
303 3.9702 0.4963 1.0253 0.5127
304 3.9652 0.4957 1.0284 0.5142
305 3.9647 0.4956 1.0214 0.5107
306 3.9749 0.4969 1.0249 0.5125
307 3.9829 0.4979 1.0260 0.5130
308 3.9735 0.4967 1.0190 0.5095
309 3.9799 0.4975 1.0197 0.5099
310 3.9758 0.4970 1.0232 0.5116
311 3.9644 0.4955 1.0297 0.5148
312 3.9598 0.4950 1.0214 0.5107
313 3.9542 0.4943 1.0285 0.5142
314 3.9720 0.4965 1.0243 0.5122
315 3.9692 0.4961 1.0258 0.5129
316 3.9554 0.4944 1.0243 0.5122
317 3.9645 0.4956 1.0290 0.5145
318 3.9493 0.4937 1.0213 0.5107
319 3.9584 0.4948 1.0201 0.5101
320 3.9633 0.4954 1.0194 0.5097
321 3.9587 0.4948 1.0140 0.5070
322 3.9747 0.4968 1.0237 0.5118
323 3.9577 0.4947 1.0128 0.5064
324 3.9712 0.4964 1.0217 0.5109
325 3.9716 0.4965 1.0127 0.5064
326 3.9645 0.4956 1.0298 0.5149
327 3.9615 0.4952 1.0291 0.5146
328 3.9799 0.4975 1.0231 0.5115
329 3.9729 0.4966 1.0140 0.5070
330 3.9619 0.4952 1.0198 0.5099
331 3.9588 0.4949 1.0256 0.5128
332 3.9536 0.4942 1.0273 0.5137
333 3.9712 0.4964 1.0282 0.5141
334 3.9712 0.4964 1.0252 0.5126
335 3.9716 0.4964 1.0203 0.5102
336 3.9585 0.4948 1.0133 0.5067
337 3.9694 0.4962 1.0220 0.5110
338 3.9656 0.4957 1.0191 0.5095
339 3.9583 0.4948 1.0231 0.5115
340 3.9597 0.4950 1.0266 0.5133
341 3.9613 0.4952 1.0215 0.5108
342 3.9556 0.4944 1.0200 0.5100
343 3.9454 0.4932 1.0255 0.5128
344 3.9518 0.4940 1.0199 0.5100
345 3.9516 0.4940 1.0176 0.5088
346 3.9569 0.4946 1.0197 0.5099
347 3.9462 0.4933 1.0219 0.5109
348 3.9425 0.4928 1.0261 0.5131
349 3.9413 0.4927 1.0160 0.5080
350 3.9418 0.4927 1.0322 0.5161
351 3.9725 0.4966 1.0277 0.5138
352 3.9550 0.4944 1.0206 0.5103
353 3.9625 0.4953 1.0287 0.5143
354 3.9601 0.4950 1.0211 0.5106
355 3.9575 0.4947 1.0229 0.5115
356 3.9534 0.4942 1.0239 0.5120
357 3.9473 0.4934 1.0177 0.5089
358 3.9417 0.4927 1.0150 0.5075
359 3.9446 0.4931 1.0189 0.5094
360 3.9440 0.4930 1.0177 0.5088
361 3.9411 0.4926 1.0241 0.5121
362 3.9594 0.4949 1.0175 0.5087
363 3.9471 0.4934 1.0179 0.5090
364 3.9409 0.4926 1.0146 0.5073
365 3.9467 0.4933 1.0151 0.5075
366 3.9497 0.4937 1.0233 0.5116
367 3.9550 0.4944 1.0135 0.5067
368 3.9450 0.4931 1.0280 0.5140
369 3.9529 0.4941 1.0192 0.5096
370 3.9448 0.4931 1.0286 0.5143
371 3.9483 0.4935 1.0213 0.5107
372 3.9456 0.4932 1.0212 0.5106
373 3.9486 0.4936 1.0185 0.5092
374 3.9558 0.4945 1.0070 0.5035
375 3.9618 0.4952 1.0230 0.5115
376 3.9355 0.4919 1.0260 0.5130
377 3.9310 0.4914 1.0218 0.5109
378 3.9493 0.4937 1.0250 0.5125
379 3.9381 0.4923 1.0169 0.5085
380 3.9352 0.4919 1.0150 0.5075
381 3.9395 0.4924 1.0160 0.5080
382 3.9447 0.4931 1.0150 0.5075
383 3.9445 0.4931 1.0303 0.5152
384 3.9465 0.4933 1.0276 0.5138
385 3.9368 0.4921 1.0230 0.5115
386 3.9379 0.4922 1.0211 0.5106
387 3.9453 0.4932 1.0170 0.5085
388 3.9410 0.4926 1.0225 0.5113
389 3.9515 0.4939 1.0157 0.5079
390 3.9467 0.4933 1.0128 0.5064
391 3.9309 0.4914 1.0188 0.5094
392 3.9235 0.4904 1.0173 0.5086
393 3.9402 0.4925 1.0124 0.5062
394 3.9295 0.4912 1.0267 0.5134
395 3.9388 0.4924 1.0149 0.5074
396 3.9360 0.4920 1.0197 0.5099
397 3.9256 0.4907 1.0290 0.5145
398 3.9371 0.4921 1.0198 0.5099
399 3.9259 0.4907 1.0281 0.5141
000 4.9765 0.6221 1.1102 0.5551
001 4.5447 0.5681 1.1035 0.5517
002 4.5125 0.5641 1.1017 0.5509
003 4.4840 0.5605 1.1019 0.5509
004 4.4565 0.5571 1.1009 0.5504
005 4.4469 0.5559 1.0986 0.5493
006 4.4233 0.5529 1.0956 0.5478
007 4.4030 0.5504 1.0939 0.5469
008 4.3746 0.5468 1.0944 0.5472
009 4.3684 0.5461 1.0892 0.5446
010 4.3475 0.5434 1.0858 0.5429
011 4.3368 0.5421 1.0799 0.5399
012 4.3228 0.5403 1.0901 0.5451
013 4.3287 0.5411 1.0783 0.5392
000 319.2576 0.5183 1.0578 0.5289
001 312.3771 0.5071 1.0534 0.5267
002 310.4629 0.5040 1.0003 0.5001
003 309.1788 0.5019 1.0434 0.5217
004 308.1649 0.5003 1.0057 0.5028
005 307.3531 0.4989 1.0185 0.5092
006 306.6286 0.4978 0.9981 0.4991
007 306.0400 0.4968 1.0110 0.5055
008 305.4144 0.4958 1.0099 0.5050
009 304.8793 0.4949 0.9968 0.4984
010 304.3640 0.4941 1.0166 0.5083
011 303.8577 0.4933 1.0107 0.5053
012 303.3800 0.4925 1.0216 0.5108
013 302.9076 0.4917 1.0024 0.5012
014 302.4723 0.4910 1.0113 0.5056
015 301.9834 0.4902 1.0032 0.5016
016 301.6165 0.4896 1.0032 0.5016
017 301.2437 0.4890 1.0036 0.5018
018 300.8580 0.4884 1.0094 0.5047
019 300.5394 0.4879 1.0019 0.5009
020 300.1450 0.4872 0.9992 0.4996
021 299.8655 0.4868 0.9992 0.4996
022 299.5209 0.4862 1.0110 0.5055
023 299.2711 0.4858 1.0023 0.5012
024 298.9371 0.4853 0.9975 0.4988
025 298.6400 0.4848 0.9990 0.4995
026 298.4169 0.4844 1.0177 0.5088
027 298.0916 0.4839 0.9955 0.4978
028 297.9009 0.4836 1.0024 0.5012
029 297.6332 0.4832 1.0045 0.5023
030 297.3734 0.4827 1.0008 0.5004
031 296.9212 0.4820 1.0066 0.5033
032 296.3722 0.4811 0.9967 0.4983
033 296.0375 0.4806 1.0081 0.5040
034 295.7480 0.4801 1.0026 0.5013
035 295.5400 0.4798 1.0118 0.5059
036 295.3305 0.4794 0.9963 0.4981
037 295.1063 0.4791 0.9929 0.4965
038 294.9220 0.4788 0.9992 0.4996
039 294.7020 0.4784 0.9983 0.4992
040 294.5378 0.4781 1.0039 0.5020
041 294.2933 0.4777 0.9999 0.4999
042 294.1659 0.4775 0.9973 0.4986
043 293.9879 0.4773 0.9974 0.4987
044 293.8301 0.4770 0.9937 0.4968
045 293.7313 0.4768 0.9942 0.4971
046 293.5692 0.4766 0.9964 0.4982
047 293.3856 0.4763 1.0045 0.5022
048 293.2684 0.4761 0.9942 0.4971
049 293.1205 0.4758 0.9964 0.4982
050 293.0269 0.4757 0.9924 0.4962
051 292.8473 0.4754 1.0002 0.5001
052 292.7170 0.4752 1.0009 0.5004
053 292.6160 0.4750 0.9966 0.4983
054 292.4516 0.4748 0.9889 0.4944
055 292.3827 0.4746 1.0019 0.5010
056 292.1797 0.4743 1.0044 0.5022
057 292.0367 0.4741 1.0015 0.5008
058 291.9997 0.4740 0.9922 0.4961
059 291.8622 0.4738 0.9915 0.4958
060 291.7430 0.4736 1.0001 0.5000
061 291.6112 0.4734 0.9970 0.4985
062 291.5673 0.4733 0.9940 0.4970
063 291.3941 0.4730 0.9964 0.4982
064 291.3500 0.4730 0.9888 0.4944
065 291.2928 0.4729 0.9889 0.4944
066 291.1294 0.4726 0.9927 0.4964
067 291.0316 0.4725 0.9980 0.4990
068 290.9473 0.4723 0.9973 0.4986
069 290.7776 0.4720 0.9946 0.4973
070 290.7177 0.4719 0.9983 0.4992
071 290.6805 0.4719 0.9926 0.4963
072 290.5627 0.4717 0.9971 0.4986
073 290.4825 0.4716 0.9984 0.4992
074 290.3835 0.4714 0.9959 0.4980
075 290.3669 0.4714 0.9961 0.4980
076 290.2173 0.4711 0.9987 0.4994
077 290.1356 0.4710 1.0009 0.5004
078 290.1079 0.4710 0.9975 0.4988
079 289.9757 0.4707 1.0021 0.5010
080 289.9024 0.4706 0.9949 0.4974
081 289.8547 0.4705 0.9965 0.4982
082 289.8094 0.4705 1.0006 0.5003
083 289.7320 0.4703 0.9960 0.4980
084 289.6379 0.4702 0.9947 0.4974
085 289.6134 0.4702 0.9947 0.4974
086 289.5239 0.4700 0.9928 0.4964
087 289.4715 0.4699 1.0035 0.5017
088 289.3661 0.4698 0.9983 0.4991
089 289.3107 0.4697 1.0029 0.5014
090 289.2676 0.4696 0.9992 0.4996
